[1138.1128479  289.3659    1241.054838   182.67654  ]
[  0.         280.3869975   82.6474617  194.26774875]
[174.90034026 235.260075   260.6980977  196.33191   ]
[494.3342574  234.95295    572.1025842  181.14087375]
[378.10521468 209.9354475  414.8001171  185.4446775 ]
[ 72.21761766 254.4008625  189.85506354 200.28195   ]
[ 940.88872512  250.58799375 1200.8971278   160.9528575 ]
[570.27668274 207.520575   613.02700584 173.4034725 ]
[770.7909132 194.0322    818.5324617 169.8088425]
[ 27.1171449  220.7391375  106.48323018 188.0509875 ]
[708.5037438 199.7413125 752.3555346 172.92207  ]
