[ 831.55629726  369.8445     1240.418313    212.22225   ]
[571.5072315 236.7205875 644.0764842 174.9792   ]
[  0.         251.8354125   42.58964556 188.5117275 ]
[776.9963178  332.87023125 946.4068566  200.04981   ]
[153.79640046 226.253115   253.04504274 182.270655  ]
[673.95721572 247.150575   753.2882766  183.7680075 ]
[337.7640114  204.855      377.97173694 178.4580825 ]
[647.5636476 218.3863125 691.9798653 180.596925 ]
[243.80134596 217.757085   323.4879666  179.216265  ]
[753.7525362  301.0480875  853.54830432 195.93009375]
