[0.48713744 0.91635495 0.7716424  0.999239  ]
[0.51804733 0.         0.74769866 0.06654385]
[0.52355176 0.14082153 0.6273602  0.20990185]
[0.48304233 0.3980147  0.6265412  0.4606301 ]
[0.49451914 0.30443254 0.55982786 0.33397755]
[0.5340852  0.05814623 0.6784023  0.15286237]
[0.42920762 0.75755936 0.66823465 0.9669059 ]
[0.46240926 0.45915997 0.5533882  0.49358052]
[0.45282358 0.6206046  0.5174192  0.65904385]
[0.5014693  0.02183345 0.5886377  0.08573529]
[0.46112552 0.5704539  0.5326435  0.6057613 ]
