[496.29979692 234.589935   575.63367714 178.77919875]
[ 925.686198    251.3293875  1218.11203026  152.4601575 ]
[180.1612287  237.0366225  269.10056304 194.507115  ]
[ 70.28976042 254.17108875 195.69991554 199.8945375 ]
[383.69718306 208.734675   424.57219794 185.48331375]
[575.5063473  203.2598625  615.79891386 170.93554875]
[1139.4216054   290.88375    1242.          177.53949375]
[  0.         283.20470625  93.06966744 192.32385   ]
[761.0142618  191.37196875 818.64372006 167.3085525 ]
[707.91718446 197.4        759.1770954  168.8375625 ]
