[151.77565404 277.96125    380.62334484 199.15265625]
[ 928.05966     227.5249125  1007.11325808  166.53559875]
[1147.9186242   225.37498125 1241.6976972   159.74937375]
[ 36.10443078 262.3432875  243.06403266 194.01338625]
[  0.         251.65535625 152.02637658 188.4969375 ]
[ 968.0769      208.2503625  1038.09556908  157.799295  ]
[1143.41310774  201.67065    1232.8537257   160.594725  ]
[ 977.8318164   197.21655    1045.92028086  154.029975  ]
[ 994.196781   188.6725275 1052.9375436  150.07782  ]
[ 83.85420132 253.374      219.27936006 191.93952375]
