[ 830.75435028  375.         1242.          210.251475  ]
[156.59624106 223.9867125  265.54603356 181.08526125]
[573.1992702  236.366175   645.51402468 174.32491125]
[675.3993516  245.292525   757.81730412 181.6082625 ]
[748.266498   335.56104375 979.4847942  193.629375  ]
[245.00242206 213.69335625 331.02971352 175.65711   ]
[340.86138552 202.508175   389.25872244 174.9532425 ]
[  0.         251.36751     51.88903362 183.78099375]
[652.8907098 212.1663    701.3545434 179.401425 ]
[ 776.2777587  360.6599625 1100.8714158  200.8977375]
[369.50601654 201.4173     413.64297054 176.37467625]
