[0.5606706  0.66888434 1.         1.        ]
[0.48289403 0.12608393 0.5972979  0.21380518]
[0.46486643 0.4615131  0.6303098  0.51973754]
[0.4842887  0.5437998  0.6541134  0.61015886]
[0.516345   0.602469   0.89482945 0.7886351 ]
[0.46841896 0.19726443 0.56984895 0.26652956]
[0.46654198 0.27444556 0.5400218  0.31341282]
[0.49008265 0.         0.67031336 0.04177861]
[0.4784038 0.5256769 0.5657768 0.5646977]
[0.5357273  0.62502235 0.9617599  0.8863699 ]
[0.47033247 0.29750887 0.5371128  0.33304587]
